84
1342
2701
1513
145
2641
37106
100
67979
16389
6761
394
2160
4085
6593
1259
5197
11
64317
2542
174
1952
844
5200
1080
1080
98
2554
345
25344
43
76
1400
1260
408
46
28054
6130
1661
1727
1232
58585
219
2591
2600
3207
205
36034
2000
4300
1998
23
24869
41445
1497
2814
768
15399
7370
1184
996
16
33283
45
67098
514
42324
74
30254
55
5827
244
16328
8800
2852
4363
8492
2680
27827
35
158
120
36
600
19942
829
41
3296
10
161
20203
2148
1399
10007
1934
730
851
11030
3825
1251
215
37134
69087
521
10623
5740
105
27673
35899
27761
31552
135
12
71
160
45502
20228
23042
4217
236
7142
4280
375
132
203
1250
26272
779
2500
2848
8438
55264
398
16643
31284
10676
26
15272
512
2650
147
34901
121
17396
164
140
22120
18269
209
28890
2097
3300
10615
1837
2147
12116
1636
766
47629
1974
863
61
25717
7700
1514
45315
7849
3800
21279
1946
43453
103
2527
994
2199
2413
932
902
1524
1754
3090
21700
2638
4517
308
14977
5131
13415
34206
22367
1228
39742
11231
67138
18600
815
45631
541
786
6087
31516
245
3600
67092
852
2376
1533
14975
2781
2130
59
4093
14328
921
9662
14838
910
972
14591
3176
35123
36098
61963
1600
25305
45109
17489
25282
58221
52319
5230
40686
2707
22381
31591
24022
159
141
6133
21765
8578
29433
2232
50742
23700
35451
25141
4367
1023
2
55201
61262
1532
1257
52263
1064
834
383
59112
72824
110
2911
19322
376
38269
1322
55317
30201
50922
24571
175
1254
271
1001
1756
59824
6737
4276
51356
38769
696
38326
12122
16527
2446
1526
9800
9622
61221
3420
1656
1672
11339
1
45304
72869
2388
12242
1280
29728
228
289
7178
3913
146
1429
37499
3201
20321
5720
2850
2610
1200
86
500
5225
1170
68283
17157
13437
46976
8121
19337
58866
42108
1642
32032
16119
3186
42671
1063
816
1093
7256
57303
26654
580
1653
82
1279
41360
4705
55387
40580
2490
72732
71865
8117
47
42
10636
4078
131
35690
208
19033
72848
16966
940
26184
72892
65661
9105
32474
72736
19725
38427
22400
155
108
583
20
8581
72870
15474
1597
18857
19994
3011
63283
20239
6157
73
8419
64908
72751
4507
44125
28885
41537
51
969
830
113
72752
72928
5921
15210
42884
27805
24518
32
72865
8710
31
72852
3160
550
1874
599
72926
7452
1549
1404
11224
72719
36805
72880
4081
3618
28488
14522
60093
503
284
1292
3333
52958
72873
5739
26659
72883
421
46333
43007
49513
11335
1155
1658
37539
114
14264
72731
72907
5657
62940
49668
33870
72717
35830
27200
43936
25420
7205
45634
1091
6400
35688
21
60
18251
66057
1041
25063
69683
708
66048
6081
14988
6523
72782
23218
10897
62
17989
3177
39293
38145
72847
20916
49965
805
6688
2009
416
2383
14568
204
72827
10148
12753
8300
24950
13726
10681
6852
409
7986
15353
14209
57426
78
10609
72938
70891
72849
29765
790
48320
70516
15
5402
11757
1515
15043
72795
72859
61130
50307
233
22994
102
128
13951
42704
1022
21076
39452
202
14314
242
220
119
201
257
4583
27816
18442
139
57333
1695
72890
148
60976
47287
17851
1430
246
25609
27083
35977
16436
72855
1750
28233
1057
37423
5427
72839
13701
38219
8775
885
22566
45858
3289
1150
4099
18947
32854
5333
22456
72796
6099
657
35461
3268
1321
72771
18155
51233
13507
13529
50280
72893
72735
15575
5658
55822
46853
72871
2017
1719
70114
1079
11945
13
1268
1929
72906
20480
72914
13707
9182
4320
6124
39955
2946
544
1081
62383
52190
883
14417
45524
72779
59254
19481
44126
2559
40745
72760
72840
15396
10741
1726
325
28497
10800
10732
20847
14033
72913
10715
12814
1252
3178
42796
31543
2040
1508
66923
72943
22
23997
15250
16528
107
46740
1572
782
20738
447
5116
54
16452
3328
28522
72741
2397
1531
25929
15725
56463
72718
4039
61168
24231
32596
9334
16269
15263
2587
6762
67799
621
72875
41617
5682
8525
3080
11870
72816
48438
67961
48247
20776
1717
675
2048
10136
26471
2833
389
8954
5314
60464
21000
974
1977
72861
11756
65662
4018
1643
72910
72860
27238
227
51060
5186
52521
72722
24
77
52915
1732
72854
72882
72747
348
61851
1519
32415
17957
5307
3250
1051
1450
986
42078
38488
1212
72898
52914
785
946
72909
72746
2434
72716
14155
72846
33900
1097
501
1112
847
1152
1240
4361
21854
17161
20781
52881
16769
72916
72730
34632
821
143
72776
623
72904
38485
963
12228
10947
69700
2229
41085
49836
26225
72786
598
72679
36554
29021
8106
54027
5348
72828
70008
2529
4352
997
42166
17192
23639
1329
6373
5160
8299
10607
64597
2518
72675
70954
70652
1074
50040
72919
59844
33
876
222
610
7074
72729
36238
55283
1887
15859
2197
72886
72927
57629
7321
1564
2131
11937
55687
624
60662
7889
41907
2992
2002
1213
54710
601
40023
14005
4
7439
72817
23962
65903
14636
2226
41568
17405
20748
72932
8147
36542
38015
1330
72830
11136
15076
3
2085
72737
15845
28521
2715
35249
1094
2151
1298
3361
5000
36205
65238
2981
5683
689
5001
18247
7524
3623
72917
14244
40986
39762
53430
3567
2776
1004
7241
72864
6867
130
11531
10376
10150
72891
11438
32572
6043
72781
1237
47146
2428
67149
30017
9830
54824
47677
5669
83
36020
3174
52821
15114
2488
18
901
47584
479
42856
2895
23045
47406
72901
71062
29376
967
72728
792
50054
62916
351
1056
61937
40409
12096
540
28
24737
12389
608
72721
10554
3735
14837
28299
14872
20968
38594
18241
40074
55752
5983
5428
36077
4200
44747
652
41128
5
14859
72714
35323
2811
40426
3261
19
7100
15489
72918
9070
70
41771
72911
2153
3188
41563
944
72823
22065
47018
19368
153
47022
1253
25525
6
2892
773
72764
14833
50572
2274
1635
72757
9660
72902
64974
20657
34126
1522
558
19616
58820
700
72881
66073
72720
57342
1872
72946
72908
23077
15143
17135
22373
3796
67173
57628
3790
56346
151
41562
19797
17147
38600
72831
40739
1197
30107
29220
4015
14640
84
1342
2701
1513
145
2641
100
37106
67979
16389
6761
394
2160
4085
6593
1259
5197
11
64317
2542
1952
174
844
5200
1080
1080
98
345
2554
25344
43
408
1400
76
1260
28054
6130
1661
58585
1232
46
1727
219
2591
3207
205
2600
4300
2000
36034
1998
23
768
41445
1497
7370
2814
24869
15399
1184
33283
996
30254
42324
16
45
74
55
514
67098
4363
5827
16328
8800
244
2852
27827
2680
8492
158
120
829
600
35
10
161
19942
36
3296
41
10007
11030
2148
1399
20203
730
3825
1934
851
1251
521
69087
5740
105
31552
45502
215
37134
135
4217
20228
71
132
160
12
10623
35899
203
2500
375
27673
236
23042
4280
7142
1250
10676
779
2848
27761
398
8438
512
2650
31284
2097
26272
55264
26
140
15272
47629
209
121
147
10615
34901
164
18269
22120
1974
17396
12116
972
61
39742
28890
766
7700
7849
3300
1837
2147
3800
21279
45315
25717
994
1636
14975
103
14977
863
2199
1514
1946
31516
43453
902
308
1524
932
3090
2413
16643
2638
2527
2376
11231
21700
18600
34206
13415
5131
1754
786
1228
67092
67138
45631
541
14328
815
4517
72824
3600
1533
9662
22367
14591
14838
2130
22381
921
6087
852
58221
245
910
35123
4093
31591
5230
17489
36098
40686
45109
2781
25305
141
2911
3176
1600
25282
61963
159
1093
383
2707
23700
6133
52319
1023
59
1064
8578
21765
1756
2446
52263
29433
834
59112
4276
271
72869
24022
35451
110
4367
1257
1254
6737
61262
2232
1532
59824
38269
2
16527
61221
1322
1001
19322
25141
175
3420
9800
55317
376
51356
72928
50742
30201
24571
55201
12122
3201
1280
16119
38769
228
55387
29728
2388
50922
7178
72926
11339
696
12242
68283
42671
3913
45304
32032
72972
57303
4705
1526
146
9622
42108
13437
46976
20239
289
1656
1200
72848
1
2610
8117
8121
2850
1653
5720
500
86
82
72892
72938
1063
72870
580
2490
5225
1170
17157
71865
72880
1672
11757
26654
3186
816
47
26184
24231
58866
10636
1597
7256
42
38326
40580
19033
3011
155
38427
208
63283
131
583
1429
37499
35690
32474
72883
20
108
72865
41537
8581
62940
72852
19337
22400
1642
16966
5921
20321
4078
18857
28885
44125
51
27200
73
72907
41360
9105
830
113
19994
1279
3618
5739
1404
8419
72873
24518
15210
32
4507
43007
8710
1874
1549
42884
6157
27805
36805
60093
65661
11335
49668
599
37539
114
6400
19725
72971
72943
3333
14264
940
72782
503
60
7452
969
1292
708
4081
11224
28488
64908
33870
26659
72847
25420
72827
284
14522
550
1155
17989
7205
6688
2009
72969
49513
72855
14988
5657
1658
72795
72890
805
416
421
14209
72849
62
18251
21
70891
46333
204
1091
3160
31
45634
72966
12753
52958
72859
10681
39293
43936
6081
72958
3177
409
15353
1041
66057
23218
66048
13951
4583
14568
72946
72914
13701
48320
25063
72950
72771
49965
6523
72839
7986
242
148
10897
389
15
8300
72913
2383
69683
72953
72981
128
15474
72906
38145
78
29765
24950
72840
21076
1329
233
42704
257
220
10148
1695
5402
6852
18947
790
35977
47287
25609
57426
35688
28233
6099
14859
201
10715
41617
72796
72893
12814
14314
72871
1268
13529
202
18442
15043
9182
22
61130
1750
102
39452
1057
57333
70516
8775
15396
20916
22566
32854
3268
1515
45524
13507
246
72779
72985
657
1430
48438
17851
139
1022
72910
1321
10609
13707
885
4099
72816
72875
38219
60976
72948
1081
2017
20480
50307
1531
5116
27816
59254
1252
5682
50280
37423
44126
1079
1719
447
51233
883
10732
5427
66923
107
20847
18155
62383
5333
821
15250
3289
22456
4320
70114
15575
2040
35461
13
11945
72909
1150
72861
72916
20738
55822
544
13726
6762
72919
8525
72854
72882
72932
72860
19481
1572
325
6124
52190
27083
45858
10800
31543
2946
28522
3080
40745
5658
35830
22994
67961
10136
15725
46853
16452
56463
72960
1929
2833
621
10741
39955
72898
72986
623
2559
4039
11870
2397
20776
946
5186
72927
67799
42796
25929
54
1717
61851
3328
1732
1450
4018
14033
16436
72904
46740
23997
3688
32596
72776
14417
8954
1643
1508
72828
48247
72846
61168
1212
60464
54027
28497
15263
24
1726
72983
119
2587
227
974
785
1519
5314
16269
77
70954
1977
21000
222
42078
501
4361
72786
1112
20781
52521
29376
32415
5307
2151
49836
14155
72886
9334
963
72917
3178
143
10376
72955
7074
27238
601
782
52881
11756
38485
72942
598
2048
7524
33900
2229
11531
42166
52915
72817
52914
11136
36238
69700
72901
847
1152
16769
72830
10947
2518
17405
29021
36554
1051
72781
34632
5348
986
2434
1097
72891
52206
41568
15859
1004
70652
1240
15845
17957
72864
2002
72918
59844
41085
2529
2197
1887
997
50040
65662
624
51060
23962
8106
7889
675
3250
5160
38488
11937
6867
8299
1074
65903
12228
64597
28521
6373
20748
348
21854
8147
41907
10607
7439
55283
71062
2226
72933
72902
72911
2085
54824
36020
15114
40426
23639
14005
17192
5000
72823
46633
5001
2776
47022
610
33
24264
72908
689
42856
55687
30017
1564
40409
9830
3623
4352
72961
65238
4
876
47677
1094
351
18247
65688
2131
47584
38015
2981
10150
32572
5683
72968
23910
35249
14244
40521
40023
2428
57629
14636
47146
22065
41563
83
2488
3261
52821
2992
3
1298
72945
1213
62916
10554
153
130
72957
11438
70
18
72881
42218
55752
1237
67149
18241
30107
15076
72979
72831
1330
4200
479
792
40986
3330
41562
72863
24737
652
1056
54710
19368
901
72963
1253
36542
2811
7241
6053
12096
3435
17161
3361
9070
72970
967
833
50054
16501
12849
36077
64974
29093
58820
7321
3796
38594
3567
5
15489
8164
14837
72818
3735
72930
14872
798
35173
2895
25173
72813
17700
19797
44747
23077
22373
700
25525
53430
20657
47406
3174
50572
5983
28
944
14833
2874
9551
4015
72679
72967
10031
773
2449
53489
19180
540
35323
51783
34126
2892
2398
831
19159
28513
2166
3188
56621
20023
9660
19616
39762
558
41771
40739
674
21183
2153
25716
84
1342
2701
1513
145
2641
100
37106
67979
16389
6761
394
2160
4085
6593
1259
5197
11
64317
2542
1952
174
844
5200
1080
1080
98
345
2554
25344
43
408
1400
76
1260
28054
6130
1661
58585
1232
46
1727
219
2591
3207
205
2600
4300
2000
36034
1998
23
768
41445
1497
7370
2814
24869
15399
1184
33283
996
30254
42324
16
45
74
55
514
67098
4363
5827
16328
8800
244
2852
27827
2680
8492
158
120
829
600
35
10
161
19942
36
3296
41
10007
11030
2148
1399
20203
730
3825
1934
851
1251
521
69087
5740
105
31552
45502
215
37134
135
4217
20228
71
132
160
12
10623
35899
203
2500
375
27673
236
23042
4280
7142
1250
10676
779
2848
27761
398
8438
512
2650
31284
2097
26272
55264
26
140
15272
47629
209
121
147
10615
34901
164
18269
22120
1974
17396
12116
972
61
39742
28890
766
7700
7849
3300
1837
2147
3800
21279
45315
25717
994
1636
14975
103
14977
863
2199
1514
1946
31516
43453
902
308
1524
932
3090
2413
16643
2638
2527
2376
11231
21700
18600
34206
13415
5131
1754
786
1228
67092
67138
45631
541
14328
815
4517
72824
3600
1533
9662
22367
14591
14838
2130
22381
921
6087
852
58221
245
910
35123
4093
31591
5230
17489
36098
40686
45109
2781
25305
141
2911
3176
1600
25282
61963
159
1093
383
2707
23700
6133
52319
1023
59
1064
8578
21765
1756
2446
52263
29433
834
59112
4276
271
72869
24022
35451
110
4367
1257
1254
6737
61262
2232
1532
59824
38269
2
16527
61221
1322
1001
19322
25141
175
3420
9800
55317
376
51356
72928
50742
30201
24571
55201
12122
3201
1280
16119
38769
228
55387
29728
2388
50922
7178
72926
11339
696
12242
68283
42671
3913
45304
32032
72972
57303
4705
1526
146
9622
42108
13437
46976
20239
289
1656
1200
72848
1
2610
8117
8121
2850
1653
5720
500
86
82
72892
72938
1063
72870
580
2490
5225
1170
17157
71865
72880
1672
11757
26654
3186
816
47
26184
24231
58866
10636
1597
7256
42
38326
40580
19033
3011
155
38427
208
63283
131
583
1429
37499
35690
32474
72883
20
108
72865
41537
8581
62940
72852
19337
22400
1642
16966
5921
20321
4078
18857
28885
44125
51
27200
73
72907
41360
9105
830
113
19994
1279
3618
5739
1404
8419
72873
24518
15210
32
4507
43007
8710
1874
1549
42884
6157
27805
36805
60093
65661
11335
49668
599
37539
114
6400
19725
72971
72943
3333
14264
940
72782
503
60
7452
969
1292
708
4081
11224
28488
64908
33870
26659
72847
25420
72827
284
14522
550
1155
17989
7205
6688
2009
72969
49513
72855
14988
5657
1658
72795
72890
805
416
421
14209
72849
62
18251
21
70891
46333
204
1091
3160
31
45634
72966
12753
52958
72859
10681
39293
43936
6081
72958
3177
409
15353
1041
66057
23218
66048
13951
4583
14568
72946
72914
13701
48320
25063
72950
72771
49965
6523
72839
7986
242
148
10897
389
15
8300
72913
2383
69683
72953
72981
128
15474
72906
38145
78
29765
24950
72840
21076
1329
233
42704
257
220
10148
1695
5402
6852
18947
790
35977
47287
25609
57426
35688
28233
6099
14859
201
10715
41617
72796
72893
12814
14314
72871
1268
13529
202
18442
15043
9182
22
61130
1750
102
39452
1057
57333
70516
8775
15396
20916
22566
32854
3268
1515
45524
13507
246
72779
72985
657
1430
48438
17851
139
1022
72910
1321
10609
13707
885
4099
72816
72875
38219
60976
72948
1081
2017
20480
50307
1531
5116
27816
59254
1252
5682
50280
37423
44126
1079
1719
447
51233
883
10732
5427
66923
107
20847
18155
62383
5333
821
15250
3289
22456
4320
70114
15575
2040
35461
13
11945
72909
1150
72861
72916
20738
55822
544
13726
6762
72919
8525
72854
72882
72932
72860
19481
1572
325
6124
52190
27083
45858
10800
31543
2946
28522
3080
40745
5658
35830
22994
67961
10136
15725
46853
16452
56463
72960
1929
2833
621
10741
39955
72898
72986
623
2559
4039
11870
2397
20776
946
5186
72927
67799
42796
25929
54
1717
61851
3328
1732
1450
4018
14033
16436
72904
46740
23997
3688
32596
72776
14417
8954
1643
1508
72828
48247
72846
61168
1212
60464
54027
28497
15263
24
1726
72983
119
2587
227
974
785
1519
5314
16269
77
70954
1977
21000
222
42078
501
4361
72786
1112
20781
52521
29376
32415
5307
2151
49836
14155
72886
9334
963
72917
3178
143
10376
72955
7074
27238
601
782
52881
11756
38485
72942
598
2048
7524
33900
2229
11531
42166
52915
72817
52914
11136
36238
69700
72901
847
1152
16769
72830
10947
2518
17405
29021
36554
1051
72781
34632
5348
986
2434
1097
72891
52206
41568
15859
1004
70652
1240
15845
17957
72864
2002
72918
59844
41085
2529
2197
1887
997
50040
65662
624
51060
23962
8106
7889
675
3250
5160
38488
11937
6867
8299
1074
65903
12228
64597
28521
6373
20748
348
21854
8147
41907
10607
7439
55283
71062
2226
72933
72902
72911
2085
54824
36020
15114
40426
23639
14005
17192
5000
72823
46633
5001
2776
47022
610
33
24264
72908
689
42856
55687
30017
1564
40409
9830
3623
4352
72961
65238
4
876
47677
1094
351
18247
65688
2131
47584
38015
2981
10150
32572
5683
72968
23910
35249
14244
40521
40023
2428
57629
14636
47146
22065
41563
83
2488
3261
52821
2992
3
1298
72945
1213
62916
10554
153
130
72957
11438
70
18
72881
42218
55752
1237
67149
18241
30107
15076
72979
72831
1330
4200
479
792
40986
3330
41562
72863
24737
652
1056
54710
19368
901
72963
1253
36542
2811
7241
6053
12096
3435
17161
3361
9070
72970
967
833
50054
16501
12849
36077
64974
29093
58820
7321
3796
38594
3567
5
15489
8164
14837
72818
3735
72930
14872
798
35173
2895
25173
72813
17700
19797
44747
23077
22373
700
25525
53430
20657
47406
3174
50572
5983
28
944
14833
2874
9551
4015
72679
72967
10031
773
2449
53489
19180
540
35323
51783
34126
2892
2398
831
19159
28513
2166
3188
56621
20023
9660
19616
39762
558
41771
40739
674
21183
2153
25716
84
1342
2701
1513
145
2641
100
37106
67979
16389
6761
394
2160
4085
6593
1259
5197
11
64317
2542
1952
174
844
5200
1080
1080
98
345
2554
25344
43
408
1400
76
1260
28054
6130
1661
58585
1232
46
1727
219
2591
3207
205
2600
4300
2000
36034
1998
23
768
41445
1497
7370
2814
24869
15399
1184
33283
996
30254
42324
16
45
74
55
514
67098
4363
5827
16328
8800
244
2852
27827
2680
8492
158
120
829
600
35
10
161
19942
36
3296
41
10007
11030
2148
1399
20203
730
3825
1934
851
1251
521
69087
5740
105
31552
45502
215
37134
135
4217
20228
71
132
160
12
10623
35899
203
2500
375
27673
236
23042
4280
7142
1250
10676
779
2848
27761
398
8438
512
2650
31284
2097
26272
55264
26
140
15272
47629
209
121
147
10615
34901
164
18269
22120
1974
17396
12116
972
61
39742
28890
766
7700
7849
3300
1837
2147
3800
21279
45315
25717
994
1636
14975
103
14977
863
2199
1514
1946
31516
43453
902
308
1524
932
3090
2413
16643
2638
2527
2376
11231
21700
18600
34206
13415
5131
1754
786
1228
67092
67138
45631
541
14328
815
4517
72824
3600
1533
9662
22367
14591
14838
2130
22381
921
6087
852
58221
245
910
35123
4093
31591
5230
17489
36098
40686
45109
2781
25305
141
2911
3176
1600
25282
61963
159
1093
383
2707
23700
6133
52319
1023
59
1064
8578
21765
1756
2446
52263
29433
834
59112
4276
271
72869
24022
35451
110
4367
1257
1254
6737
61262
2232
1532
59824
38269
2
16527
61221
1322
1001
19322
25141
175
3420
9800
55317
376
51356
72928
50742
30201
24571
55201
12122
3201
1280
16119
38769
228
55387
29728
2388
50922
7178
72926
11339
696
12242
68283
42671
3913
45304
32032
72972
57303
4705
1526
146
9622
42108
13437
46976
20239
289
1656
1200
72848
1
2610
8117
8121
2850
1653
5720
500
86
82
72892
72938
1063
72870
580
2490
5225
1170
17157
71865
72880
1672
11757
26654
3186
816
47
26184
24231
58866
10636
1597
7256
42
38326
40580
19033
3011
155
38427
208
63283
131
583
1429
37499
35690
32474
72883
20
108
72865
41537
8581
62940
72852
19337
22400
1642
16966
5921
20321
4078
18857
28885
44125
51
27200
73
72907
41360
9105
830
113
19994
1279
3618
5739
1404
8419
72873
24518
15210
32
4507
43007
8710
1874
1549
42884
6157
27805
36805
60093
65661
11335
49668
599
37539
114
6400
19725
72971
72943
3333
14264
940
72782
503
60
7452
969
1292
708
4081
11224
28488
64908
33870
26659
72847
25420
72827
284
14522
550
1155
17989
7205
6688
2009
72969
49513
72855
14988
5657
1658
72795
72890
805
416
421
14209
72849
62
18251
21
70891
46333
204
1091
3160
31
45634
72966
12753
52958
72859
10681
39293
43936
6081
72958
3177
409
15353
1041
66057
23218
66048
13951
4583
14568
72946
72914
13701
48320
25063
72950
72771
49965
6523
72839
7986
242
148
10897
389
15
8300
72913
2383
69683
72953
72981
128
15474
72906
38145
78
29765
24950
72840
21076
1329
233
42704
257
220
10148
1695
5402
6852
18947
790
35977
47287
25609
57426
35688
28233
6099
14859
201
10715
41617
72796
72893
12814
14314
72871
1268
13529
202
18442
15043
9182
22
61130
1750
102
39452
1057
57333
70516
8775
15396
20916
22566
32854
3268
1515
45524
13507
246
84
1342
2701
1513
145
2641
100
37106
67979
16389
6761
394
2160
4085
6593
1259
5197
11
64317
2542
1952
174
844
5200
1080
1080
98
345
2554
25344
43
408
1400
76
1260
28054
6130
1661
58585
1232
46
1727
219
2591
3207
205
2600
4300
2000
36034
1998
23
768
41445
1497
7370
2814
24869
15399
1184
33283
996
30254
42324
16
45
74
55
514
67098
4363
5827
16328
8800
244
2852
27827
2680
8492
158
120
829
600
35
10
161
19942
36
3296
41
10007
11030
2148
1399
20203
730
3825
1934
851
1251
521
69087
5740
105
31552
45502
215
37134
135
4217
20228
71
132
160
12
10623
35899
203
2500
375
27673
236
23042
4280
7142
1250
10676
779
2848
27761
398
8438
512
2650
31284
2097
26272
55264
26
140
15272
47629
209
121
147
10615
34901
164
18269
22120
1974
17396
12116
972
61
39742
28890
766
7700
7849
3300
1837
2147
3800
21279
45315
25717
994
1636
14975
103
14977
863
2199
1514
1946
31516
43453
902
308
1524
932
3090
2413
16643
2638
2527
2376
11231
21700
18600
34206
13415
5131
1754
786
1228
67092
67138
45631
541
14328
815
4517
72824
3600
1533
9662
22367
14591
14838
2130
22381
921
6087
852
58221
245
910
35123
4093
31591
5230
17489
36098
40686
45109
2781
25305
141
2911
3176
1600
25282
61963
159
1093
383
2707
23700
6133
52319
1023
59
1064
8578
21765
1756
2446
52263
29433
834
59112
4276
271
72869
24022
35451
110
4367
1257
1254
6737
61262
2232
1532
59824
38269
2
16527
61221
1322
1001
19322
25141
175
3420
9800
55317
376
51356
72928
50742
30201
24571
55201
12122
3201
1280
16119
38769
228
55387
29728
2388
50922
7178
72926
11339
696
12242
68283
42671
3913
45304
32032
72972
57303
4705
1526
146
9622
42108
13437
46976
20239
289
1656
1200
72848
1
2610
8117
8121
2850
1653
5720
500
86
82
72892
72938
1063
72870
580
2490
5225
1170
17157
71865
72880
1672
11757
26654
3186
816
47
26184
24231
58866
10636
1597
7256
42
38326
40580
19033
3011
155
38427
208
63283
131
583
1429
37499
35690
32474
72883
20
108
72865
41537
8581
62940
72852
19337
22400
1642
16966
5921
20321
4078
18857
28885
44125
51
27200
73
72907
41360
9105
830
113
19994
1279
3618
5739
1404
8419
72873
24518
15210
32
4507
43007
8710
1874
1549
42884
6157
27805
36805
60093
65661
11335
49668
599
37539
114
6400
19725
72971
72943
3333
14264
940
72782
503
60
7452
969
1292
708
4081
11224
28488
64908
33870
26659
72847
25420
72827
284
14522
550
1155
17989
7205
6688
2009
72969
49513
72855
14988
5657
1658
72795
72890
805
416
421
14209
72849
62
18251
21
70891
46333
204
1091
3160
31
45634
72966
12753
52958
72859
10681
39293
43936
6081
72958
3177
409
15353
1041
66057
23218
66048
13951
4583
14568
72946
72914
13701
48320
25063
72950
72771
49965
6523
72839
7986
242
148
10897
389
15
8300
72913
2383
69683
72953
72981
128
15474
72906
38145
78
29765
24950
72840
21076
1329
233
42704
257
220
10148
1695
5402
6852
18947
790
35977
47287
25609
57426
35688
28233
6099
14859
201
10715
41617
72796
72893
12814
14314
72871
1268
13529
202
18442
15043
9182
22
61130
1750
102
39452
1057
57333
70516
8775
15396
20916
22566
32854
3268
1515
45524
13507
246
72779
72985
657
1430
48438
17851
139
1022
72910
1321
10609
13707
885
4099
72816
72875
38219
60976
72948
1081
2017
20480
50307
1531
5116
27816
59254
1252
5682
50280
37423
44126
1079
1719
447
51233
883
10732
5427
66923
107
20847
18155
62383
5333
821
15250
3289
22456
4320
70114
15575
2040
35461
13
11945
72909
1150
72861
72916
20738
55822
544
13726
6762
72919
8525
72854
72882
72932
72860
19481
1572
325
6124
52190
27083
45858
10800
31543
2946
28522
3080
40745
5658
35830
22994
67961
10136
15725
46853
16452
56463
72960
1929
2833
621
10741
39955
72898
72986
623
2559
4039
11870
2397
20776
946
5186
72927
67799
42796
25929
54
1717
61851
3328
1732
1450
4018
14033
16436
72904
46740
23997
3688
32596
72776
14417
8954
1643
1508
72828
48247
72846
61168
1212
60464
54027
28497
15263
24
1726
72983
119
2587
227
974
785
1519
5314
16269
77
70954
1977
21000
222
42078
501
4361
72786
1112
20781
52521
29376
32415
5307
2151
49836
14155
72886
9334
963
72917
3178
143
10376
72955
7074
27238
601
782
52881
11756
38485
72942
598
2048
7524
33900
2229
11531
42166
52915
72817
52914
11136
36238
69700
72901
847
1152
16769
72830
10947
2518
17405
29021
36554
1051
72781
34632
5348
986
2434
1097
72891
52206
41568
15859
1004
70652
1240
15845
17957
72864
2002
72918
59844
41085
2529
2197
1887
997
50040
65662
624
51060
23962
8106
7889
675
3250
5160
38488
11937
6867
8299
1074
65903
12228
64597
28521
6373
20748
348
21854
8147
41907
10607
7439
55283
71062
2226
72933
72902
72911
2085
54824
36020
15114
40426
23639
14005
17192
5000
72823
46633
5001
2776
47022
610
33
24264
72908
689
42856
55687
30017
1564
40409
9830
3623
4352
72961
65238
4
876
47677
1094
351
18247
65688
2131
47584
38015
2981
10150
32572
5683
72968
23910
35249
14244
40521
40023
2428
57629
14636
47146
22065
41563
83
2488
3261
52821
2992
3
1298
72945
1213
62916
10554
153
130
72957
11438
70
18
72881
42218
55752
1237
67149
18241
30107
15076
72979
72831
1330
4200
479
792
40986
3330
41562
72863
24737
652
1056
54710
19368
901
72963
1253
36542
2811
7241
6053
12096
3435
17161
3361
9070
72970
967
833
50054
16501
12849
36077
64974
29093
58820
7321
3796
38594
3567
5
15489
8164
14837
72818
3735
72930
14872
798
35173
2895
25173
72813
17700
19797
44747
23077
22373
700
25525
53430
20657
47406
3174
50572
5983
28
944
14833
2874
9551
4015
72679
72967
10031
773
2449
53489
19180
540
35323
51783
34126
2892
2398
831
19159
28513
2166
3188
56621
20023
9660
19616
39762
558
41771
40739
674
21183
2153
25716
84
1342
2701
1513
145
2641
100
37106
67979
16389
6761
394
2160
4085
6593
1259
5197
11
64317
2542
1952
174
844
5200
1080
1080
98
345
2554
25344
43
408
1400
76
1260
28054
6130
1661
58585
1232
46
1727
219
2591
3207
205
2600
4300
2000
36034
1998
23
768
41445
1497
7370
2814
24869
15399
1184
33283
996
30254
42324
16
45
74
55
514
67098
4363
5827
16328
8800
244
2852
27827
2680
8492
158
120
829
600
35
10
161
19942
36
3296
41
10007
11030
2148
1399
20203
730
3825
1934
851
1251
521
69087
5740
105
31552
45502
215
37134
135
4217
20228
71
132
160
12
10623
35899
203
2500
375
27673
236
23042
4280
7142
1250
10676
779
2848
27761
398
8438
512
2650
31284
2097
26272
55264
26
140
15272
47629
209
121
147
10615
34901
164
18269
22120
1974
17396
12116
972
61
39742
28890
766
7700
7849
3300
1837
2147
3800
21279
45315
25717
994
1636
14975
103
14977
863
2199
1514
1946
31516
43453
902
308
1524
932
3090
2413
16643
2638
2527
2376
11231
21700
18600
34206
13415
5131
1754
786
1228
67092
67138
45631
541
14328
815
4517
72824
3600
1533
9662
22367
14591
14838
2130
22381
921
6087
852
58221
245
910
35123
4093
31591
5230
17489
36098
84
1342
2701
1513
145
2641
100
37106
67979
16389
6761
394
2160
4085
6593
1259
5197
11
64317
2542
1952
174
844
5200
1080
1080
98
345
2554
25344
43
408
1400
76
1260
28054
6130
1661
58585
1232
46
1727
219
2591
3207
205
2600
4300
2000
36034
1998
23
768
41445
1497
7370
2814
24869
15399
1184
33283
996
30254
42324
16
45
74
55
514
67098
4363
5827
16328
8800
244
2852
27827
2680
8492
158
120
829
600
35
10
161
19942
36
3296
41
10007
11030
2148
1399
20203
730
3825
1934
851
1251
521
69087
5740
105
31552
45502
215
37134
135
4217
20228
71
132
160
12
10623
35899
203
2500
375
27673
236
23042
4280
7142
1250
10676
779
2848
27761
398
8438
512
2650
31284
2097
26272
55264
26
140
15272
47629
209
121
147
10615
34901
164
18269
22120
1974
17396
12116
972
61
39742
28890
766
7700
7849
3300
1837
2147
3800
21279
45315
25717
994
1636
14975
103
14977
863
2199
1514
1946
31516
43453
902
308
1524
932
3090
2413
16643
2638
2527
2376
11231
21700
18600
34206
13415
5131
1754
786
1228
67092
67138
45631
541
14328
815
4517
72824
3600
1533
9662
22367
14591
14838
2130
22381
921
6087
852
58221
245
910
35123
4093
31591
5230
17489
36098
40686
45109
2781
25305
141
2911
3176
1600
25282
61963
159
1093
383
2707
23700
6133
52319
1023
59
1064
8578
21765
1756
2446
52263
29433
834
59112
4276
271
72869
24022
35451
110
4367
1257
1254
6737
61262
2232
1532
59824
38269
2
16527
61221
1322
1001
19322
25141
175
3420
9800
55317
376
51356
72928
50742
30201
24571
55201
12122
3201
1280
16119
38769
228
55387
29728
2388
50922
7178
72926
11339
696
12242
68283
42671
3913
45304
32032
72972
57303
4705
1526
146
9622
42108
13437
46976
20239
289
1656
1200
72848
1
2610
8117
8121
2850
1653
5720
500
86
82
72892
72938
1063
72870
580
2490
5225
1170
17157
71865
72880
1672
11757
26654
3186
816
47
26184
24231
58866
10636
1597
7256
42
38326
40580
19033
3011
155
38427
208
63283
131
583
1429
37499
35690
32474
72883
20
108
72865
41537
8581
62940
72852
19337
22400
1642
16966
5921
20321
4078
18857
28885
44125
51
27200
73
72907
41360
9105
830
113
19994
1279
3618
5739
1404
8419
72873
24518
15210
32
4507
43007
8710
1874
1549
42884
6157
27805
36805
60093
65661
11335
49668
599
37539
114
6400
19725
72971
72943
3333
14264
940
72782
503
60
7452
969
1292
708
4081
11224
28488
64908
33870
26659
72847
25420
72827
284
14522
550
1155
17989
7205
6688
2009
72969
49513
72855
14988
5657
1658
72795
72890
805
416
421
14209
72849
62
18251
21
70891
46333
204
1091
3160
31
45634
72966
12753
52958
72859
10681
39293
43936
6081
72958
3177
409
15353
1041
66057
23218
66048
13951
4583
14568
72946
72914
13701
48320
25063
72950
72771
49965
6523
72839
7986
242
148
10897
389
15
8300
72913
2383
69683
72953
72981
128
15474
72906
38145
78
29765
24950
72840
21076
1329
233
42704
257
220
10148
1695
5402
6852
18947
790
35977
47287
25609
57426
35688
28233
6099
14859
201
10715
41617
72796
72893
12814
14314
72871
1268
13529
202
18442
15043
9182
22
61130
1750
102
39452
1057
57333
70516
8775
15396
20916
22566
32854
3268
1515
45524
13507
246
72779
72985
657
1430
48438
17851
139
1022
72910
1321
10609
13707
885
4099
72816
72875
38219
60976
72948
1081
2017
20480
50307
1531
5116
27816
59254
1252
5682
50280
37423
44126
1079
1719
447
51233
883
10732
5427
66923
107
20847
18155
62383
5333
821
15250
3289
22456
4320
70114
15575
2040
35461
13
11945
72909
1150
72861
72916
20738
55822
544
13726
6762
72919
8525
72854
72882
72932
72860
19481
1572
325
6124
52190
27083
45858
10800
31543
2946
28522
3080
40745
5658
35830
22994
67961
10136
15725
46853
16452
56463
72960
1929
2833
621
10741
39955
72898
72986
623
2559
4039
11870
2397
20776
946
5186
72927
67799
42796
25929
54
1717
61851
3328
1732
1450
4018
14033
16436
72904
46740
23997
3688
32596
72776
14417
8954
1643
1508
72828
48247
72846
61168
1212
60464
54027
28497
15263
24
1726
72983
119
2587
227
974
785
1519
5314
16269
77
70954
1977
21000
222
42078
501
4361
72786
1112
20781
52521
29376
32415
5307
2151
49836
14155
72886
9334
963
72917
3178
143
10376
72955
7074
27238
601
782
52881
11756
38485
72942
598
2048
7524
33900
2229
11531
42166
52915
72817
52914
11136
36238
69700
72901
847
1152
16769
72830
10947
2518
17405
29021
36554
1051
72781
34632
5348
986
2434
1097
72891
52206
41568
15859
1004
70652
1240
15845
17957
72864
2002
72918
59844
41085
2529
2197
1887
997
50040
65662
624
51060
23962
8106
7889
675
3250
5160
38488
11937
6867
8299
1074
65903
12228
64597
28521
6373
20748
348
21854
8147
41907
10607
7439
55283
71062
2226
72933
72902
72911
2085
54824
36020
15114
40426
23639
14005
17192
5000
72823
46633
5001
2776
47022
610
33
24264
72908
689
42856
55687
30017
1564
40409
9830
3623
4352
72961
65238
4
876
47677
1094
351
18247
65688
2131
47584
38015
2981
10150
32572
5683
72968
23910
35249
14244
40521
40023
2428
57629
14636
47146
22065
41563
83
2488
3261
52821
2992
3
1298
72945
1213
62916
10554
153
130
72957
11438
70
18
72881
42218
55752
1237
67149
18241
30107
15076
72979
72831
1330
4200
479
792
40986
3330
41562
72863
24737
652
1056
54710
19368
901
72963
1253
36542
2811
7241
6053
12096
3435
17161
3361
9070
72970
967
833
50054
16501
12849
36077
64974
29093
58820
7321
3796
38594
3567
5
15489
8164
14837
72818
3735
72930
14872
798
35173
2895
25173
72813
17700
19797
44747
23077
22373
700
25525
53430
20657
47406
3174
50572
5983
28
944
14833
2874
9551
4015
72679
72967
10031
773
2449
53489
19180
540
35323
51783
34126
2892
2398
831
19159
28513
2166
3188
56621
20023
9660
19616
39762
558
41771
40739
674
21183
2153
25716
1
2
3
4
5
6
7
8
9
10
11
12
13
14
15
16
17
18
19
20
21
22
23
24
25
26
27
28
29
30
31
32
33
34
35
36
37
38
39
40
41
42
43
44
45
46
47
48
49
50
51
52
53
54
55
56
57
58
59
60
61
62
63
64
65
66
67
68
69
70
71
72
73
74
75
76
77
78
79
80
81
82
83
84
85
86
87
88
89
90
91
92
93
94
95
96
97
98
99
100
101
102
103
104
105
106
107
108
109
110
111
112
113
114
115
116
117
118
119
120
121
122
123
124
125
126
127
128
129
130
131
132
133
134
135
136
137
138
139
140
141
142
143
144
145
146
147
148
149
150
151
152
153
154
155
156
157
158
159
160
161
162
163
164
165
166
167
168
169
170
171
172
173
174
175
176
177
178
179
180
181
182
183
184
185
186
187
188
189
190
191
192
193
194
195
196
197
198
199
200
201
202
203
204
205
206
207
208
209
210
211
212
213
214
215
216
217
218
219
220
221
222
223
224
225
226
227
228
229
230
231
232
233
234
235
236
237
238
239
240
241
242
243
244
245
246
247
248
249
250
251
252
253
254
255
256
257
258
259
260
261
262
263
264
265
266
267
268
269
270
271
272
273
274
275
276
277
278
279
280
281
282
283
284
285
286
287
288
289
290
291
292
293
294
295
296
297
298
299
300
301
302
303
304
305
306
307
308
309
310
311
312
313
314
315
316
317
318
319
320
321
322
323
324
325
326
327
328
329
330
331
332
333
334
335
336
337
338
339
340
341
342
343
344
345
346
347
348
349
350
351
352
353
354
355
356
357
358
359
360
361
362
363
364
365
366
367
368
369
370
371
372
373
374
375
376
377
378
379
380
381
382
383
384
385
386
387
388
389
390
391
392
393
394
395
396
397
398
399
400
401
402
403
404
405
406
407
408
409
410
411
412
413
414
415
416
417
418
419
420
421
422
423
424
425
426
427
428
429
430
431
432
433
434
435
436
437
438
439
440
441
442
443
444
445
446
447
448
449
450
451
452
453
454
455
456
457
458
459
460
461
462
463
464
465
466
467
468
469
470
471
472
473
474
475
476
477
478
479
480
481
482
483
484
485
486
487
488
489
490
491
492
493
494
495
496
497
498
499
500
501
502
503
504
505
506
507
508
509
510
511
512
513
514
515
516
517
518
519
520
521
522
523
524
525
526
527
528
529
530
531
532
533
534
535
536
537
538
539
540
541
542
543
544
545
546
547
548
549
550
551
552
553
554
555
556
557
558
559
560
561
562
563
564
565
566
567
568
569
570
571
572
573
574
575
576
577
578
579
580
581
582
583
584
585
586
587
588
589
590
591
592
593
594
595
596
597
598
599
600
601
602
603
604
605
606
607
608
609
610
611
612
613
614
615
616
617
618
619
620
621
622
623
624
625
626
627
628
629
630
631
632
633
634
635
636
637
638
639
640
641
642
643
644
645
646
647
648
649
650
651
652
653
654
655
656
657
658
659
660
661
662
663
664
665
666
667
668
669
670
671
672
673
674
675
676
677
678
679
680
681
682
683
684
685
686
687
688
689
690
691
692
693
694
695
696
697
698
699
700
701
702
703
704
705
706
707
708
709
710
711
712
713
714
715
716
717
718
719
720
721
722
723
724
725
726
727
728
729
730
731
732
733
734
735
736
737
738
739
740
741
742
743
744
745
746
747
748
749
750
751
752
753
754
755
756
757
758
759
760
761
762
763
764
765
766
767
768
769
770
771
772
773
774
775
776
777
778
779
780
781
782
783
784
785
786
787
788
789
790
791
792
793
794
795
796
797
798
799
800
801
802
803
804
805
806
807
808
809
810
811
812
813
814
815
816
817
818
819
820
821
822
823
824
825
826
827
828
829
830
831
832
833
834
835
836
837
838
839
840
841
842
843
844
845
846
847
848
849
850
851
852
853
854
855
856
857
858
859
860
861
862
863
864
865
866
867
868
869
870
871
872
873
874
875
876
877
878
879
880
881
882
883
884
885
886
887
888
889
890
891
892
893
894
895
896
897
898
899
900
901
902
903
904
905
906
907
908
909
910
911
912
913
914
915
916
917
918
919
920
921
922
923
924
925
926
927
928
929
930
931
932
933
934
935
936
937
938
939
940
941
942
943
944
945
946
947
948
949
950
951
952
953
954
955
956
957
958
959
960
961
962
963
964
965
966
967
968
969
970
971
972
973
974
975
976
977
978
979
980
981
982
983
984
985
986
987
988
989
990
991
992
993
994
995
996
997
998
999
1000
3981
3982
3983
3984
3985
3986
3987
3988
3989
3990
3991
3992
3993
3994
3995
3996
3997
3998
3999
4000
4001
4002
4003
4004
4005
4006
4007
4008
4009
4010
4011
4012
4013
4014
4015
4016
4017
4018
4019
4020
4021
4022
4023
4024
4025
4026
4027
4028
4029
4030
4031
4032
4033
4034
4035
4036
4037
4038
4039
4040
4041
4042
4043
4044
4045
4046
4047
4048
4049
4050
4051
4052
4053
4054
4055
4056
4057
4058
4059
4060
4061
4062
4063
4064
4065
4066
4067
4068
4069
4070
4071
4072
4073
4074
4075
4076
4077
4078
4079
4080
4081
4082
4083
4084
4085
4086
4087
4088
4089
4090
4091
4092
4093
4094
4095
4096
4097
4098
4099
4100
4101
4102
4103
4104
4105
4106
4107
4108
4109
4110
4111
4112
4113
4114
4115
4116
4117
4118
4119
4120
4121
4122
4123
4124
4125
4126
4127
4128
4129
4130
4131
4132
4133
4134
4135
4136
4137
4138
4139
4140
4141
4142
4143
4144
4145
4146
4147
4148
4149
4150
4151
4152
4153
4154
4155
4156
4157
4158
4159
4160
4161
4162
4163
4164
4165
4166
4167
4168
4169
4170
4171
4172
4173
4174
4175
4176
4177
4178
4179
4180
4181
4182
4183
4184
4185
4186
4187
4188
4189
4190
4191
4192
4193
4194
4195
4196
4197
4198
4199
4200
4201
4202
4203
4204
4205
4206
4207
4208
4209
4210
4211
4212
4213
4214
4215
4216
4217
4218
4219
4220
4221
4222
4223
4224
4225
4226
4227
4228
4229
4230
4231
4232
4233
4234
4235
4236
4237
4238
4239
4240
4241
4242
4243
4244
4245
4246
4247
4248
4249
4250
4251
4252
4253
4254
4255
4256
4257
4258
4259
4260
4261
4262
4263
4264
4265
4266
4267
4268
4269
4270
4271
4272
4273
4274
4275
4276
4277
4278
4279
4280
4281
4282
4283
4284
4285
4286
4287
4288
4289
4290
4291
4292
4293
4294
4295
4296
4297
4298
4299
4300
4301
4302
4303
4304
4305
4306
4307
4308
4309
4310
4311
4312
4313
4314
4315
4316
4317
4318
4319
4320
4321
4322
4323
4324
4325
4326
4327
4328
4329
4330
4331
4332
4333
4334
4335
4336
4337
4338
4339
4340
4341
4342
4343
4344
4345
4346
4347
4348
4349
4350
4351
4352
4353
4354
4355
4356
4357
4358
4359
4360
4361
4362
4363
4364
4365
4366
4367
4368
4369
4370
4371
4372
4373
4374
4375
4376
4377
4378
4379
4380
4381
4382
4383
4384
4385
4386
4387
4388
4389
4390
4391
4392
4393
4394
4395
4396
4397
4398
4399
4400
4401
4402
4403
4404
4405
4406
4407
4408
4409
4410
4411
4412
4413
4414
4415
4416
4417
4418
4419
4420
4421
4422
4423
4424
4425
4426
4427
4428
4429
4430
4431
4432
4433
4434
4435
4436
4437
4438
4439
4440
4441
4442
4443
4444
4445
4446
4447
4448
4449
4450
4451
4452
4453
4454
4455
4456
4457
4458
4459
4460
4461
4462
4463
4464
4465
4466
4467
4468
4469
4470
4471
4472
4473
4474
4475
4476
4477
4478
4479
4480
4481
4482
4483
4484
4485
4486
4487
4488
4489
4490
4491
4492
4493
4494
4495
4496
4497
4498
4499
4500
4501
4502
4503
4504
4505
4506
4507
4508
4509
4510
4511
4512
4513
4514
4515
4516
4517
4518
4519
4520
4521
4522
4523
4524
4525
4526
4527
4528
4529
4530
4531
4532
4533
4534
4535
4536
4537
4538
4539
4540
4541
4542
4543
4544
4545
4546
4547
4548
4549
4550
4551
4552
4553
4554
4555
4556
4557
4558
4559
4560
4561
4562
4563
4564
4565
4566
4567
4568
4569
4570
4571
4572
4573
4574
4575
4576
4577
4578
4579
4580
4581
4582
4583
4584
4585
4586
4587
4588
4589
4590
4591
4592
4593
4594
4595
4596
4597
4598
4599
4600
4601
4602
4603
4604
4605
4606
4607
4608
4609
4610
4611
4612
4613
4614
4615
4616
4617
4618
4619
4620
4621
4622
4623
4624
4625
4626
4627
4628
4629
4630
4631
4632
4633
4634
4635
4636
4637
4638
4639
4640
4641
4642
4643
4644
4645
4646
4647
4648
4649
4650
4651
4652
4653
4654
4655
4656
4657
4658
4659
4660
4661
4662
4663
4664
4665
4666
4667
4668
4669
4670
4671
4672
4673
4674
4675
4676
4677
4678
4679
4680
4681
4682
4683
4684
4685
4686
4687
4688
4689
4690
4691
4692
4693
4694
4695
4696
4697
4698
4699
4700
4701
4702
4703
4704
4705
4706
4707
4708
4709
4710
4711
4712
4713
4714
4715
4716
4717
4718
4719
4720
4721
4722
4723
4724
4725
4726
4727
4728
4729
4730
4731
4732
4733
4734
4735
4736
4737
4738
4739
4740
4741
4742
4743
4744
4745
4746
4747
4748
4749
4750
4751
4752
4753
4754
4755
4756
4757
4758
4759
4760
4761
4762
4763
4764
4765
4766
4767
4768
4769
4770
4771
4772
4773
4774
4775
4776
4777
4778
4779
4780
4781
4782
4783
4784
4785
4786
4787
4788
4789
4790
4791
4792
4793
4794
4795
4796
4797
4798
4799
4800
4801
4802
4803
4804
4805
4806
4807
4808
4809
4810
4811
4812
4813
4814
4815
4816
4817
4818
4819
4820
4821
4822
4823
4824
4825
4826
4827
4828
4829
4830
4831
4832
4833
4834
4835
4836
4837
4838
4839
4840
4841
4842
4843
4844
4845
4846
4847
4848
4849
4850
4851
4852
4853
4854
4855
4856
4857
4858
4859
4860
4861
4862
4863
4864
4865
4866
4867
4868
4869
4870
4871
4872
4873
4874
4875
4876
4877
4878
4879
4880
4881
4882
4883
4884
4885
4886
4887
4888
4889
4890
4891
4892
4893
4894
4895
4896
4897
4898
4899
4900
4901
4902
4903
4904
4905
4906
4907
4908
4909
4910
4911
4912
4913
4914
4915
4916
4917
4918
4919
4920
4921
4922
4923
4924
4925
4926
4927
4928
4929
4930
4931
4932
4933
4934
4935
4936
4937
4938
4939
4940
4941
4942
4943
4944
4945
4946
4947
4948
4949
4950
4951
4952
4953
4954
4955
4956
4957
4958
4959
4960
4961
4962
4963
4964
4965
4966
4967
4968
4969
4970
4971
4972
4973
4974
4975
4976
4977
4978
4979
4980
4981
4982
4983
4984
4985
4986
4987
4988
4989
4990
4991
4992
4993
4994
4995
4996
4997
4998
499984
1342
2701
1513
145
2641
100
37106
67979
16389
6761
394
2160
4085
6593
1259
5197
64317
11
2542
1952
174
844
5200
1080
1080
98
345
2554
25344
408
43
1400
76
1260
28054
1661
6130
1232
219
58585
1727
46
2591
205
3207
2600
4300
2000
1998
36034
23
768
41445
1497
7370
2814
15399
1184
996
33283
42324
16
30254
74
45
55
514
67098
4363
16328
5827
8800
24869
2852
158
244
27827
2680
8492
829
120
600
35
161
36
10
19942
3296
10007
11030
41
1399
2148
20203
730
3825
1251
1934
851
521
31552
105
5740
69087
4217
45502
215
71
37134
20228
135
160
10623
132
12
203
2500
35899
375
27673
23042
236
1250
4280
10676
7142
2097
779
2650
512
27761
2848
8438
140
398
15272
47629
209
26
31284
121
26272
147
10615
55264
34901
61
164
18269
17396
22120
12116
1974
28890
3800
972
7700
766
39742
7849
1636
14975
994
21279
2147
3300
1837
45315
103
25717
2199
14977
31516
2376
902
43453
863
308
1946
1514
2413
1524
18600
11231
2527
2638
3090
932
1754
67092
21700
16643
5131
786
1228
34206
815
14328
541
67138
13415
45631
1533
72824
9662
4517
22381
3600
22367
14591
58221
910
6087
2130
921
245
17489
4093
14838
5230
852
31591
2781
36098
45109
141
35123
40686
25305
61963
25282
2911
1600
383
2707
159
3176
6133
1756
23700
1093
1023
52319
2446
1064
8578
21765
271
4276
1254
59
52263
6737
29433
110
1532
834
59112
2232
59824
35451
16527
4367
1257
24022
1001
61221
72869
38269
1322
61262
25141
19322
175
3420
9800
2
55317
16119
30201
72928
50742
42671
51356
376
12122
29728
72972
24571
1280
228
55387
72926
11339
2388
50922
57303
3201
7178
86
9622
3913
12242
55201
38769
32032
68283
13437
4705
46976
8121
696
45304
8117
289
20239
146
42108
1526
2610
24231
82
2850
500
